0.335656
0.0901581
0.0900084
0.484251
-0.862916
-0.205619
0.139812
0.119445
-0.636322
0.729494
0.864354
-0.138996
0.615339
-0.479475
0.675957
-0.503406
-0.76168
-0.630448
-0.356086
0.271413
0.41615
0.818709
0.936769
0.579328
-0.509253
0.946193
0.959424
0.0875323
0.135005
0.847095
-0.6894
0.200585
-0.168607
0.544366
-0.024107
0.0291888
-0.563754
0.557654
-0.453733
0.17797
-0.434049
-0.0668504
0.381273
0.355027
0.0269057
-0.576736
0.0472905
-0.664956
0.823072
0.0240668
0.953148
-0.842311
0.134016
-0.33112
-0.120717
-0.519364
-0.688357
-0.0854876
0.783951
-0.252636
-0.191433
0.0488547
-0.116142
-0.728735
0.25097
0.146383
1.00812
0.881641
0.596119
0.846075
-0.459718
0.0902296
-0.15879
-0.0272828
0.616207
1.06416
-0.160706
-0.375238
-0.363052
-0.0553839
0.3338
0.314691
-0.243123
0.391001
-0.0582958
-0.361884
0.678028
0.199582
0.23927
-0.935886
0.101103
-0.561788
0.428
0.381247
-0.593729
0.00398924
0.586472
1.06383
0.219999
0.0671074
0.728772
-0.126306
0.184678
-0.388194
0.154485
0.524641
-0.298579
-0.227319
-0.820232
-0.236799
0.192502
1.10395
-0.523299
0.273302
0.458846
-0.00486519
0.566092
-0.661507
0.257769
0.0849425
-0.740118
-0.045513
0.263676
0.193639
-0.381656
0.0857239
-0.0751128
0.658789
0.223932
0.148495
-0.807402
0.12045
-0.413887
0.060965
-0.683257
0.0131776
-0.487082
-0.0816375
-0.655454
-0.0348814
0.0618152
0.145341
-0.821278
0.524695
0.114662
-0.0845395
0.222459
0.791963
0.491729
-0.981796
0.0165701
0.800225
0.232536
-0.890072
-0.0803045
-0.166338
-0.543134
-0.242959
0.00924497
0.310826
0.716167
-0.509411
-0.661142
-0.752496
-0.518695
0.869219
0.164915
-0.911834
0.458773
-0.476471
-0.635024
0.0753567
-0.282244
-0.468326
1.20492
-0.702564
-0.204897
-0.384748
0.936638
-0.348023
0.655801
-0.79076
-0.0929098
-1.04374
0.269681
-0.586568
0.192896
0.109987
0.00500329
0.426429
-0.0501195
-0.97828
0.592111
0.39519
-0.723003
-0.445387
0.411029
0.644461
0.838321
0.33141
-0.0391837
-0.498003
0.117094
0.236749
0.465312
0.426247
0.468963
0.268343
0.780389
0.286789
0.746263
0.77955
-0.507054
0.282056
0.263674
-0.229264
-0.809477
0.0754933
0.877991
-0.0127116
0.397854
0.282631
0.522575
0.875848
-0.748314
-0.329172
-0.51322
-0.0250807
-0.962993
0.386983
-1.00439
0.674408
0.52145
-0.15711
0.600144
-0.209281
-0.142746
0.531994
-0.0447073
0.734494
0.929418
0.22675
-0.475555
0.153477
-0.164455
-0.0084739
-0.472282
0.0911736
-0.0274042
0.607952
0.435813
0.0715279
-0.727503
-0.341832
-1.02106
-0.513781
-0.150332
0.00247484
0.130744
-0.720076
-0.286411
0.491339
0.413308
0.683965
0.183691
-0.322011
-0.190512
-0.0707206
-0.0296922
-0.880292
-0.449528
-0.508797
-0.233139
0.578419
-0.300345
-0.0066122
0.155433
0.811133
0.182413
0.360042
0.400773
-0.0570655
0.975085
0.0438394
-0.142331
0.49178
0.181241
-0.10895
0.0350159
-0.453722
-0.0819178
-0.691741
0.302092
-0.7038
0.48803
0.865537
1.04701
0.0339822
0.432798
-0.0862246
-0.1084
0.682198
0.016106
0.610592
-0.307007
0.0548282
-0.687404
-0.0100164
-1.05269
0.395222
0.706509
-0.304048
0.183659
-0.117122
0.365973
-0.272444
-0.256054
0.273273
-0.47409
-0.324832
-0.181518
-0.0688361
-0.0849428
0.0230545
-0.675664
0.107827
-0.947693
0.161274
0.0928335
0.110246
0.39444
0.236479
-0.417939
0.2576
0.442969
-0.459898
0.721308
-0.377967
0.69602
0.18075
-0.0914341
0.886764
0.793547
-0.187347
1.16907
-0.0547053
0.252443
-1.03269
0.211668
-0.168048
-0.258624
-0.0712307
-0.109308
-0.996172
-0.0546764
0.689552
-0.680682
0.813282
-0.637425
0.333103
-0.753493
-0.339539
-0.97843
-0.537757
0.559267
0.0693329
0.768155
0.824947
-0.646811
0.497772
0.231823
-0.138052
-0.0992993
0.578728
-0.188654
-0.663708
-0.937133
-0.0824646
-0.847171
-0.104225
-1.01022
0.220487
0.346538
0.366638
0.105031
-1.05015
-0.0394884
0.338782
-1.03351
0.192117
0.457782
1.04874
-0.0628334
-0.604857
0.120174
-0.623352
0.735335
0.236626
-0.467287
-1.01473
-0.754139
0.531329
0.223061
-1.02722
0.205931
-0.036779
0.00132856
-0.458183
-0.105948
0.0195482
0.449099
0.0508352
-0.528312
0.0398086
-0.0750148
0.272048
0.722252
0.0528312
0.12915
0.605047
-0.133765
-0.406439
-0.0726551
0.693186
0.589242
-0.674884
0.262888
-0.715668
-0.332472
-0.201597
0.102169
-0.390263
-0.0496948
-0.73177
-0.0873109
0.813228
-0.00614902
-0.959667
-0.694878
-0.990326
-0.372447
0.754188
0.740579
0.256558
0.203709
-0.132011
0.825644
0.721759
0.118158
0.380332
-0.672817
-0.214558
0.129492
-0.0716357
0.0952147
0.521247
0.147096
-0.0138417
0.261789
-0.731228
0.150255
0.267832
0.122388
-0.0161229
0.0222977
-0.587082
-0.513444
0.3554
0.577967
-0.769278
-0.25171
-0.240518
0.165436
0.568277
0.494288
0.332991
-0.616532
-0.172443
0.418483
-0.708843
-0.649851
0.582605
0.0896618
0.187634
-0.875306
0.0800838
-0.861592
0.31841
0.911654
0.222093
0.726347
0.996802
-0.929551
-1.11621
0.890982
-0.324458
0.0634662
0.205113
0.712732
0.6324
0.523052
0.674077
-0.65647
-0.826922
-0.86541
0.816878
0.244282
0.865094
0.30688
0.456353
-0.924769
0.488697
-0.39078
-0.0191352
0.209264
0.569744
-0.687756
0.390629
-0.298725
-0.514429
0.255287
0.337638
0.331017
-0.142905
-0.120351
-0.26031
0.468504
0.564929
0.556521
0.355067
-0.235539
-0.0395574
0.25969
0.495296
0.978338
0.180422
-0.323123
0.598046
0.0935093
0.0509567
0.0871791
0.581778
0.0233286
-0.427327
0.525279
-0.678596
0.151873
-0.0679905
-0.00836489
-0.153941
0.0488377
-0.951356
0.701747
-0.633381
-0.169007
-0.491057
0.677599
0.671333
-0.341886
-0.143791
0.663932
-0.221057
0.218175
0.25122
0.534215
0.177665
0.045551
-0.242655
0.183879
-0.498396
-0.0515155
-0.483425
-0.124623
-0.85028
0.413271
0.548918
-0.456914
-0.768761
0.00370113
-0.546129
-0.0241226
-0.604712
0.636945
0.0949141
-0.0734664
0.0439665
-0.556961
0.309143
0.146236
-0.247238
-0.392531
-0.629656
-0.274752
-0.23706
0.436198
-0.363753
0.732468
0.474149
0.0642627
-0.6162
-0.482469
0.0589917
-0.591385
0.38816
0.917362
1.03627
0.628898
0.158226
-0.12167
0.0850763
-0.990865
-1.08931
0.976489
0.251839
0.45313
-0.347324
-0.962103
0.701987
0.197332
0.670437
-0.0194657
0.724455
0.186719
1.09985
-0.695577
-0.0241709
0.744945
-1.02851
0.183269
-0.539328
0.0156935
-0.134691
-0.498573
0.784381
-0.376557
0.573557
0.759742
-0.813292
-0.787367
-0.260218
-0.38216
0.764383
-0.391789
-0.204023
0.0583581
-0.718927
-0.165104
0.470847
0.36373
0.446761
-0.897114
-0.906171
-0.56939
0.449066
0.0618804
0.686948
-0.537624
0.587157
0.135955
-0.535411
0.903519
-0.917751
-0.00783464
-0.335027
0.567941
-0.13768
0.165045
0.616408
0.241884
0.226706
0.00919278
0.143248
0.309695
-0.56525
0.505573
0.751738
0.186285
0.555389
-0.202139
0.587284
0.990329
-1.0634
0.0951096
-0.095155
0.295449
0.776152
-0.0867269
0.124346
0.0551219
0.777035
0.528454
-0.984897
-0.0464409
-0.929774
-0.932474
0.249814
0.0734479
-0.475
1.07515
0.563069
0.0489717
-0.207903
-0.800275
0.0684122
-0.662653
-0.653544
-0.994577
0.971869
0.642307
0.845883
-0.566272
-0.173508
0.211304
0.553231
0.0156247
0.803496
-0.99268
-0.0568997
0.925244
-0.151092
-0.124903
0.118042
-0.703423
-0.755239
-0.568838
0.875529
1.01594
0.0353613
-0.128098
-0.597784
-0.365875
0.117603
0.00706326
-0.403053
-0.61014
0.363236
0.392566
0.0891699
0.624339
-0.930803
-0.586505
-0.236411
0.128576
-0.369426
0.724924
0.396652
0.0936723
-0.0582611
-0.0166868
0.129581
0.503597
0.500501
-0.607258
0.695973
-0.10718
0.319018
0.257832
0.907
-0.341459
-0.218821
0.665701
-0.0524424
-0.132601
0.0569294
0.213806
0.260135
0.640715
0.0606401
-0.57587
0.591264
-0.203744
-0.441875
-0.650824
-0.940348
0.0766572
0.0170412
-0.131269
-0.589348
0.222698
-0.00564231
0.933836
-0.186112
0.840584
0.068351
-0.575947
-0.676807
-0.429104
-0.26966
0.394757
0.594002
1.07613
-0.569474
0.286632
-0.568814
0.226645
0.269187
-0.606655
-0.487076
-0.0380827
0.538129
-0.842025
-0.0850403
-0.687244
-0.052001
-0.0412151
-0.1939
-0.582824
0.485736
0.0822604
0.171372
-0.0990688
0.57578
-0.528006
0.743194
0.0218486
-0.277845
0.286182
0.417483
0.994504
-0.693625
-0.837369
0.3777
-0.397258
-0.236269
0.306017
-0.292696
0.63254
1.09253
-0.312133
-0.711053
-0.340424
0.25281
0.0446464
-0.566925
-0.103545
0.154986
-0.816254
-0.754808
0.0481214
-0.546743
-0.152035
-0.0244226
0.166403
0.223564
0.0213675
0.60803
-0.467225
-0.00187129
0.898741
-0.485209
0.643253
-0.385507
0.0182575
0.263174
0.332077
0.193573
-0.110442
0.734051
-0.691914
0.778515
0.0495674
0.40359
-0.0149915
-0.132138
-0.188944
-0.670145
0.34002
-0.334314
-0.296588
-0.921284
-0.360718
0.390645
0.131583
-0.472267
-0.548815
0.357307
-0.419183
-0.0565288
0.563
0.021389
0.107289
0.596185
0.147384
0.115703
-0.0784296
0.691164
-0.290729
0.572371
-0.184061
0.259339
-0.101392
0.430155
0.137587
0.592192
-0.32093
0.747981
0.017553
0.657677
0.419275
-0.253572
