2.61202	1.97128	1.18412
3.0949	1.95657	-0.911531
0.281561	2.46036	0.44602
-0.260753	-2.11487	-0.4855
2.26134	-1.25188	-0.506645
0.869544	-0.162631	2.24529
-3.02791	-0.940819	-0.023677
-0.00666736	-2.03038	-1.42491
-2.34343	2.25992	0.497325
1.57125	2.14807	-0.156352
-1.55283	-2.17296	-1.5708
2.95821	-2.59132	-0.979161
-0.653842	-1.06901	1.311
2.6584	-1.68459	-2.38938
-0.711159	-1.95758	0.0735843
2.20498	-0.39379	0.894713
1.71933	-0.945987	-0.627313
2.4824	-1.83458	0.811598
2.13621	-2.63917	0.887247
-0.474049	-2.90602	-0.298534
2.10542	0.494878	0.248139
2.23503	1.69912	-0.763848
-2.07549	-1.57247	1.73401
2.21134	0.835875	-1.14915
0.427559	-1.56982	0.516591
-1.98935	-1.12413	0.271359
-1.94169	-1.1688	0.545616
0.252273	1.61501	0.997927
0.0896691	1.10478	0.68473
-1.61293	-0.702929	-0.0814525
0.798014	-1.41236	-0.412064
2.07653	2.84193	1.1065
-0.0799191	1.68505	0.56064
-2.70447	-2.10042	0.516629
0.266789	-2.39153	2.6783
-0.0547159	3.1321	0.29518
-1.59956	2.4466	-0.157993
-1.58615	-2.82061	-1.57629
1.50546	-0.467647	0.487073
-1.22545	-3.03352	-0.104087
0.230529	-1.30904	0.440057
0.127543	-2.17309	-0.0296706
2.535	0.406625	1.62667
-1.15204	-2.56374	-0.929147
-3.08207	-1.62199	1.22076
-1.07301	1.04034	0.017378
1.65017	0.21636	-0.966656
1.85932	-0.898099	1.40138
1.18437	2.40414	0.579434
-0.197521	2.99734	-0.0970766
1.53709	1.51081	0.944474
1.15724	-1.97372	0.768693
2.54925	2.85326	0.440807
0.919724	-2.74014	-1.00263
-0.408263	2.67409	-0.592372
1.80646	-2.51806	0.568412
-0.787108	1.48977	-0.3712
2.45951	0.192246	-0.790771
1.20682	1.24228	0.986334
-2.42169	0.232576	0.960154
0.544688	-3.00411	2.44683
2.88932	-2.82454	-0.607464
2.67026	-0.432069	-0.967185
1.92295	-2.15612	0.706499
-2.65982	-0.0085836	-0.228335
1.42727	0.227166	-0.163676
-1.82785	-1.23733	-0.656571
0.92749	2.22478	-0.448683
-1.20566	-2.48262	-0.27918
2.16846	1.41441	1.74911
-0.589992	1.62157	-1.44192
3.1061	2.09593	-0.516875
-1.41739	3.00828	0.429643
-1.18048	3.04109	0.87147
-2.31968	-2.25616	0.625415
-1.25358	-1.61612	-0.741945
-2.2584	0.0392923	1.26767
1.16349	-2.66957	-0.370015
-0.350351	1.03152	0.215485
0.0930205	-1.62592	-0.801189
1.87893	2.90526	-0.914465
2.16016	2.85501	-0.589112
-0.326088	1.19467	-0.123965
2.42807	1.12338	-0.0748317
-2.24862	-3.12049	-0.754685
0.557177	-2.84901	-0.679772
0.643412	1.63141	2.30291
-1.25216	-0.135626	0.410195
2.89208	1.70464	0.0338271
-1.42637	1.47269	-0.207494
-0.0187589	-1.76692	0.0707684
-2.07146	0.629657	-0.174708
-1.88077	-2.54907	-1.11497
0.876605	2.55593	-0.691547
-1.6107	0.72105	0.942191
-0.255643	-2.34572	-0.984738
-1.59097	-2.34345	-0.728925
-1.40351	-1.51635	0.962651
-2.92617	-1.27095	-0.349957
-2.75146	3.05638	0.429112
2.32875	1.40538	-0.188434
1.19265	-2.96061	-0.559365
-1.00255	-2.92849	1.1634
-2.70403	2.67288	-1.74712
-3.02392	-0.770868	0.107947
2.31595	2.39834	0.934865
2.93163	-0.479225	0.500671
-0.426307	0.914411	-1.24698
-1.89437	1.31867	0.126557
0.252609	-2.09218	-1.14772
3.09654	1.34928	-0.864554
1.59767	1.51225	-1.5978
-2.19289	0.770148	0.00805856
2.81227	1.75244	0.955821
2.46258	0.81559	-1.15134
2.92717	2.24385	0.984631
-2.37532	-0.905367	-0.42518
-1.12435	2.50634	0.103765
2.39715	2.52419	0.285263
3.01054	2.39579	0.0449453
1.33731	-0.826843	0.393264
-0.0300834	-3.02015	-0.0162614
0.779164	2.66526	-0.449969
-2.69494	-2.73674	0.629403
0.495133	-1.36496	1.54092
0.9866	0.154903	-0.295378
-1.89759	0.0775443	-0.780551
1.578	0.82877	0.123969
0.738527	2.83088	0.100816
0.140062	-0.0566996	0.548468
1.35921	-1.02498	0.226614
-3.00692	-1.70621	0.137651
-1.41918	0.246732	1.23681
-1.44489	-3.13887	-1.3846
-1.63138	0.858318	0.224998
0.0747866	0.502261	0.386311
0.549656	-2.15033	0.922197
-2.16029	-3.03731	-0.627702
-2.49925	1.32284	-0.24492
0.458478	2.7376	-0.480968
3.05319	1.22285	-0.0532319
1.57563	2.94984	0.294882
-1.36973	1.56152	1.89193
1.01778	2.49377	-1.05633
-0.234739	-2.57757	0.197918
-0.278014	0.295273	-0.0517271
-2.77766	-2.49698	-0.8641
-1.90325	-1.99047	0.702586
2.13871	0.599304	-0.0610772
2.11406	-1.70754	-1.23679
-2.65161	-2.79678	-0.229729
-0.890483	-1.01363	-0.742311
1.47856	2.90763	-1.03551
-2.25651	1.77251	-0.728084
2.25058	-0.169877	0.132449
-2.46164	0.339066	0.0637659
-0.78079	1.02501	-1.22519
-2.42929	2.71581	-0.8547
-1.63032	3.1106	0.460445
-2.68839	-2.4842	-2.08813
-2.27222	-1.67968	1.35576
2.61919	-1.09766	1.3945
-1.66769	2.02904	-0.416816
-1.56569	0.614331	-0.258149
-1.52704	2.72939	-1.56455
1.77388	1.68785	-0.917458
0.87405	2.87468	1.99834
1.20551	-0.955233	0.761384
-1.59142	-2.63868	0.512588
1.3006	-2.67334	-0.26985
2.47474	-1.59414	-0.728639
2.61028	-0.28033	1.61708
-2.1929	0.149041	0.990303
1.02759	-0.557236	0.650434
1.81877	1.45471	0.941307
1.62993	-2.52005	-0.794878
-2.59035	2.40862	1.76864
2.70574	-2.35185	1.13955
-1.99671	-1.66604	0.0944178
1.40852	-0.37179	1.22875
-0.962536	-0.853601	-0.0240528
-1.19979	1.58956	0.00744016
2.7248	-2.82251	0.890547
-1.64618	1.52888	1.13753
-0.472495	-1.50688	0.196835
-2.49507	1.25039	2.33128
-0.695642	-0.248768	-0.78594
0.28622	2.45672	1.60034
-2.83354	-3.08945	0.0537413
-2.03567	-0.76027	1.33518
-3.12639	3.05997	-0.0521714
-1.46004	2.05806	0.627167
1.2395	0.647597	0.411525
2.5007	2.19766	0.364587
-0.839539	1.01116	0.75048
-0.462918	1.00453	-0.706736
-0.727415	-2.44268	0.263468
1.39389	2.44306	-1.48402
-1.14229	-1.44079	0.558989
2.52663	0.508614	1.47959
-0.0175205	1.06957	-1.21445
-2.69654	1.00978	0.778646
-1.4131	-2.98907	0.496215
2.15534	0.234222	-0.660938
-2.51596	-1.98373	0.772125
-1.3409	-2.73313	-0.297382
2.56961	1.70593	-0.81578
-0.470379	-0.742439	-0.102319
-1.10488	-1.28781	1.10675
2.85671	1.86861	0.479939
-1.61364	-2.08834	0.99938
-1.54869	-1.03158	-1.39444
-0.887611	2.38481	1.50649
-1.97321	-2.72327	0.332715
2.70927	2.13178	0.643426
2.38388	-2.86987	-0.131962
0.778162	-1.93485	0.0430965
0.109175	2.17586	0.815672
2.16175	1.34906	0.0437418
-3.05304	0.405405	-0.214099
1.59404	2.66254	-0.210739
-0.492467	-1.48419	2.09408
2.01173	0.546873	0.738113
-2.20862	-1.88342	-1.64753
-1.27622	0.686669	0.0365204
-0.56298	2.5937	-0.635184
1.80432	-2.66518	-0.0932141
0.0210563	1.31539	-0.827249
1.99643	-1.49151	-0.676335
2.68582	1.40479	0.83649
-1.93657	2.07603	0.227628
0.94719	2.05956	0.0559222
1.05021	2.57119	1.48599
-0.967552	-3.12351	-0.387859
-2.12357	-2.32147	0.078326
0.916362	-2.91104	-0.951004
-1.50517	2.99765	0.0879564
0.587485	1.01762	-0.120039
-1.33723	-0.0844746	-0.574047
0.832478	2.04425	-0.661287
1.09598	1.24333	0.522394
-1.49346	-2.82317	1.34617
0.361998	-1.57472	-1.86485
2.87187	1.68266	-0.565292
-1.8171	0.220109	0.475648
0.24548	0.390808	-0.0268056
-0.625085	2.09034	0.78239
3.09374	2.02705	-1.91448
0.112127	-2.76941	-1.39373
2.34648	2.10781	-0.355452
2.22221	2.56957	0.741343
-3.01525	-0.529246	-1.04504
-2.13157	0.966013	-0.298132
1.98228	-0.423128	-2.02686
1.26937	-2.01713	0.24877
-2.13637	0.714572	0.0194432
3.0491	-0.498856	1.59722
1.16951	-0.00215656	-1.24899
0.912944	0.159972	-1.06411
-2.18288	1.66811	-0.307438
0.842263	-0.277864	-1.10531
1.17337	2.44247	-0.345254
-0.959278	-2.54845	0.832404
0.920638	2.3982	-0.105333
2.58866	0.208038	-0.278649
-0.260126	1.34411	0.103209
-0.568238	0.432249	0.0289413
1.45297	-2.9725	-1.40777
-2.62553	2.80994	-1.02641
1.81979	-1.18313	-1.28473
-2.75161	1.65212	1.29044
1.46855	-2.65057	-1.61266
0.327162	-0.565941	-0.258117
1.13822	0.812681	0.856286
2.72604	-2.58428	0.00223269
0.111234	0.576823	0.793822
-1.67853	3.1207	-1.15692
1.43476	2.12848	-0.426829
-0.98148	-2.95079	-1.5378
-2.14286	-2.7624	-0.0753251
0.562582	2.55215	-2.79408
-2.34402	-3.01408	0.973701
1.48584	1.68368	1.1572
-0.0299693	-1.28145	1.27001
-1.30689	0.202922	1.02587
0.952903	2.50957	1.52999
-0.29189	-1.52542	-1.13663
0.868582	-2.88107	-0.359364
-0.792163	2.88069	-0.0268804
-0.531564	2.29444	0.561341
1.58379	-0.0605543	-0.343212
-2.25703	0.980459	-0.810068
-0.620801	-0.552022	0.286379
-1.17624	1.19844	-0.514106
-2.70474	-1.34842	0.866372
-1.43879	-1.16932	0.935783
1.51553	1.94407	1.42751
0.149303	-0.2523	0.813446
0.788704	0.684603	0.0507238
0.33535	-1.31939	0.375543
1.12944	-2.96185	-0.869026
0.872423	1.94266	0.23707
0.181594	-1.49998	-0.322223
2.25755	1.06095	-0.0417809
0.341409	-1.82311	-0.834132
-0.306342	-0.203825	1.03964
-2.28441	1.32859	0.947267
2.23969	3.1106	0.377177
1.72229	-1.51868	0.0271408
1.0619	0.479512	0.159366
0.987432	1.25114	-0.272198
-0.819329	2.90046	0.335525
-0.0651306	-2.66433	1.75167
2.98806	-0.936321	-0.715711
-2.44372	-2.72185	-0.592542
2.83429	-2.75923	-0.696626
-1.81888	2.915	-1.05681
0.196673	1.59489	0.198965
1.97189	-2.53445	-0.823924
-0.321902	2.10363	-0.0411793
0.574532	-2.93779	0.61416
-0.406588	0.375906	0.323361
-0.636515	3.04352	-1.66592
-3.1214	0.539639	0.320996
-1.02424	0.847359	1.24779
0.923319	0.173922	-0.443808
-1.9344	1.57891	-0.115179
2.67641	2.52745	0.830333
-0.978502	-0.00589652	1.60245
-0.608937	3.13036	-0.383979
-0.571003	-1.96199	-0.825799
-2.06205	-0.358405	-0.523249
1.9045	-0.378079	0.327104
2.66223	0.598732	-0.146305
2.40834	0.721749	0.651122
-0.435835	1.37441	-0.956039
-0.737337	-1.35344	0.101527
1.81705	-2.70923	0.958864
2.2372	1.98736	-1.98512
2.75397	2.5623	-0.912471
2.35638	-3.01822	0.709533
1.68398	1.41818	2.47985
-1.0103	-1.79173	1.24927
-2.76049	0.82948	-0.886041
1.53239	1.83577	2.19627
-3.13556	-0.764186	0.999
-0.123967	-2.53785	-0.252098
-1.67467	1.02025	-0.129964
-0.433498	-2.36892	-0.489025
1.95478	-2.96824	-1.25911
-2.26049	0.463758	2.0153
-0.427963	-2.77327	0.628598
-3.05424	1.20341	-1.92246
-1.71437	1.30647	0.693338
2.86406	-0.66398	1.93905
1.48143	2.27459	0.3655
1.8853	-0.850118	-0.739608
-1.86648	-1.47909	0.326128
2.0975	-0.784967	-1.07174
2.6509	2.47883	1.35678
-1.59527	2.46415	0.0122394
-2.55665	0.490688	-0.908955
-1.75643	1.32891	-0.211771
-0.771754	2.34249	-1.16003
0.76017	2.43124	-0.274007
2.54776	2.5905	-1.52242
2.14824	2.25512	3.05013
-2.19229	-1.90237	1.03756
-2.40091	1.43149	0.569664
1.42884	2.7878	1.07408
1.23627	0.338202	0.0368255
3.1059	1.90892	0.835785
0.0250786	1.1938	0.396143
0.728397	2.12277	-0.731805
0.639235	-0.31912	1.29836
0.90145	-2.10051	0.8306
-1.07896	1.39776	-0.736114
2.69703	3.02346	-0.504802
0.808528	-1.788	-0.880019
3.12499	-1.47555	-1.19393
1.59002	-1.96796	-0.742284
2.74482	1.77131	0.914679
-1.30064	-0.470777	0.080473
1.28493	0.380038	-0.0996114
-2.35097	-3.01268	0.526379
1.63215	-1.817	-0.28064
2.92974	-0.333852	-0.0338932
0.259	1.65583	1.7719
-1.28638	1.52511	-0.12672
0.0667481	2.73786	0.607555
1.70337	0.55819	-0.547306
-1.55265	-1.06247	0.510956
3.13643	1.92165	0.839804
-1.96557	0.807669	-0.112098
0.340137	0.587562	-0.0655475
-0.812645	1.33777	-0.392032
-1.73868	-0.80498	-0.0670835
-2.40037	-0.268759	0.631386
0.559321	-1.27067	-0.438831
1.71211	-0.990145	0.694449
0.930596	-1.75686	-0.612599
0.621884	1.42153	0.374019
1.31002	3.01983	-1.93579
-1.71443	1.59328	-0.81166
-0.177549	-0.573781	1.44861
0.125998	-0.752688	1.16218
-0.107518	2.90051	-0.366869
-0.804176	2.14586	0.129024
0.2398	-2.0265	-0.425117
3.12126	1.90656	0.0221755
1.49019	0.634402	0.512171
-2.86059	-0.824572	-0.195471
-0.727104	0.83805	-0.271322
3.13593	1.13521	-0.257509
-2.9523	2.04417	0.839621
-2.02131	-0.423489	1.71815
-0.922492	-1.63561	1.67756
-2.49279	-3.12296	-1.23882
-2.43824	-2.62621	1.0435
-2.22185	-1.20235	0.755549
-1.32587	3.04973	2.96357
2.56236	-2.7095	-0.481312
-0.971279	2.78625	1.12977
-1.63869	-2.25355	-1.1542
1.73936	2.68052	1.46847
-0.887758	1.90604	-1.31519
0.37941	1.80078	0.841182
1.03337	-1.10527	1.65524
-1.60944	2.81394	-0.634691
0.337004	-2.98738	-1.62381
-2.48002	-0.00841206	-0.285752
0.815897	-0.715608	-1.30517
0.160796	-0.420042	-0.686188
-2.27413	2.2374	0.837284
-0.327704	2.65394	0.132747
1.23376	2.0061	0.579852
2.94819	-0.491253	0.825484
-1.6236	1.24649	0.505565
-2.27508	2.27644	-1.04807
1.46156	-1.56145	-2.0357
2.8051	-1.51039	-1.28506
-2.10373	-1.48523	-0.320369
-0.811077	-1.50317	1.38863
-0.326477	-1.00566	0.271019
-0.471928	-2.66048	-0.275851
-2.96758	0.375698	0.720539
2.20031	1.71719	1.0997
1.1189	1.17842	0.236706
0.922139	0.0210818	1.06973
2.14569	0.251529	-0.50236
2.47585	-1.63515	-0.859229
-0.156123	2.55085	-0.526027
-1.93631	-3.0567	-0.234988
0.0023535	2.62102	0.399066
-3.00769	-1.40068	0.663074
0.74554	2.18027	0.598901
-0.0429963	-0.974462	-0.616916
-0.0885848	-0.538814	-1.9211
-2.56648	-2.80807	-0.901076
1.3558	-2.23151	0.888742
2.68511	2.59753	0.80464
1.5797	0.261522	0.327713
1.30341	3.06174	0.180906
-2.67062	-0.103621	-0.650071
1.3205	3.05641	-0.396969
1.67391	-2.5008	-0.16355
0.522633	-1.93724	-1.57224
-2.36938	-0.50889	-0.812564
-1.14945	-2.55356	1.63726
-1.54195	0.832311	0.664556
-0.660843	2.90071	-1.25628
0.378054	-1.5228	0.0311348
-1.03475	-3.04241	0.180242
-0.697797	-1.76761	0.505615
-2.61176	-1.51674	-2.44077
-1.28349	-0.44629	1.46612
0.702235	-1.14871	0.647121
-0.0382611	-0.367278	-0.822111
-2.50646	-1.942	1.31292
-1.5248	2.23863	-0.673004
-2.24661	1.47196	-0.392222
0.519568	0.839762	-1.22205
3.02216	-1.7142	-0.737575
-0.106186	-3.06593	-2.11441
1.83592	-1.10069	0.501943
3.03485	1.76899	-0.529023
-1.18934	1.66106	-1.57859
-2.0103	-2.66272	1.29379
0.968663	1.92033	0.727039
-2.74599	-2.55296	0.627974
1.04667	1.88676	-1.36939
1.18072	1.42941	0.596635
-0.879991	1.17721	0.368602
-1.89586	1.44551	-0.180986
-2.04862	-1.49404	-0.0307418
-2.74042	0.634799	1.90638
2.26255	0.0173281	-0.27961
-2.50246	-0.1852	0.930658
-0.918409	-2.22756	-0.168462
1.62671	2.63385	0.858601
1.26696	2.50816	1.8072
0.911621	1.53442	-0.333914
2.13518	-2.61128	0.314324
1.56878	-2.18703	-0.308073
-1.77488	2.22095	-1.06789
2.36464	2.03021	1.46621
-2.73376	-0.61192	0.166071
1.15348	1.3706	-0.310654
0.719719	3.08811	0.822
1.698	2.76469	0.112497
1.75888	-2.26063	-1.49952
-0.703213	-1.69593	-0.573718
2.77691	-2.03403	0.0110557
0.160279	-2.50748	0.354344
0.586855	0.497283	-1.17294
-1.29692	-0.509188	-1.11779
0.863037	-1.35117	1.25194
1.54534	2.63775	0.603781
1.53338	-0.20656	0.383018
2.28144	-0.989811	-0.620451
-0.43998	-2.66041	-1.35021
-0.550977	-2.38456	1.61654
-2.65201	-0.885153	0.0642672
0.139934	-2.9615	-0.879807
2.94351	-2.27882	-2.42426
-2.16077	2.90642	-0.729818
2.07591	2.38706	-0.630938
-2.44306	-2.40698	-0.63254
1.4114	2.48187	-0.480291
-0.550053	-2.31839	-1.09466
2.72675	-1.95436	-0.456355
-2.18293	0.109496	-0.701424
-1.72802	-3.0251	1.54939
2.30057	2.62435	-0.349356
1.56526	1.10379	0.197149
-1.01288	-0.022132	0.00681197
-0.675015	2.7272	-0.910431
1.71139	2.42876	0.359252
-0.028416	-0.0655764	-0.555701
2.98226	-0.849146	-0.865263
-0.0967977	0.394847	-0.617078
0.597583	1.5535	-0.314701
2.62484	-0.0806813	0.116889
-2.68465	1.97268	2.50902
-1.52758	-2.5542	-0.565628
-0.912533	0.959452	-1.14259
-1.18151	-2.9261	1.2646
-0.0955959	0.0364128	0.485072
0.281237	2.75287	0.825341
-0.614026	2.98102	0.238099
0.269335	-2.64716	0.196575
1.70592	-1.37712	0.964279
-1.4869	-0.730504	0.901398
-2.48333	1.66636	-0.918891
-2.86719	3.12889	-0.343938
-2.47408	2.52209	-0.720652
0.742161	0.678722	1.05106
-1.70469	-2.53441	1.88754
-2.85741	1.20703	-0.122302
1.67247	-0.0174027	-1.42024
-2.42878	-0.915521	-0.271353
1.51041	-0.210338	0.305919
0.157224	1.93858	-2.40367
-2.72	-1.81819	-1.20887
2.50441	1.84322	1.69925
0.474426	1.23275	-0.129477
-2.58257	-2.69345	0.826434
-1.48465	2.88114	3.13269
-2.87325	-1.88348	1.01353
0.5703	-1.09013	0.188862
0.0599211	-1.30073	-0.258482
-0.603554	2.18324	-2.81589
2.31202	-0.270748	-0.752371
-1.97517	1.1394	0.269423
-2.4535	-0.636082	0.869621
0.628199	0.422424	-0.984897
-1.41614	2.48238	-0.268741
0.832464	-1.65799	0.145202
-1.11973	3.00993	-1.45486
-2.45709	1.49004	0.857034
0.180063	2.49529	-0.0410635
0.724474	-2.12284	1.45594
1.40793	0.747625	1.33884
-0.974098	0.0348785	-0.0912502
-0.280905	2.4063	0.250078
-0.262801	-2.74182	1.70639
1.07358	-2.40976	-0.392332
-2.71204	-1.09629	0.949299
3.03976	2.42273	-0.709228
1.7613	-2.76661	-0.311428
-0.775615	0.950921	0.631159
1.60152	-2.32816	-0.135148
0.161692	-2.43893	-0.732979
2.76163	-1.99294	0.260955
0.432684	2.34464	-2.65872
-0.768388	2.66632	-0.11566
-2.19568	-1.12009	-0.386628
-0.445276	-1.58192	1.10549
2.84942	0.294493	0.58506
2.28694	-2.24018	-2.49238
-1.8258	0.636232	-0.31863
0.0399124	-2.0985	-2.24671
-0.547637	1.18108	0.184019
-1.04805	-0.608382	-0.136852
1.55399	1.90142	0.116983
-1.55808	-1.66341	0.0696284
1.64996	2.52137	-0.324603
2.82463	0.800591	1.55108
0.0422917	-0.0961425	-0.809025
-2.81415	-0.655973	-0.7263
-1.78403	1.69661	0.451446
-1.7213	1.43505	0.125243
2.1647	1.46	-0.0588236
-0.543779	-0.519494	0.064012
2.16711	2.55426	0.0476458
-2.66545	1.09808	0.857575
1.81719	-1.26245	-1.79597
1.96123	0.763213	-1.18749
0.138571	1.36508	0.298608
-2.29409	-1.57824	-0.210772
-0.216745	-2.94635	-0.799846
0.998228	0.802899	2.13229
-0.599643	-2.70872	0.666265
1.51626	1.61725	-0.985397
-2.14757	1.21162	0.495592
2.18364	-3.05121	-1.10712
1.65419	2.27391	-0.529102
-1.31511	1.72746	-1.81443
-0.15273	-1.4414	-1.14552
-2.5835	1.33249	0.886579
-1.48873	0.0731954	-0.0878332
2.85611	-0.408439	0.0227946
-2.56438	1.00651	1.11783
1.25882	2.23143	0.684609
2.79476	-1.1899	1.28422
2.54691	1.36667	-0.859067
-2.19425	-1.07277	-1.09615
-1.94998	2.14298	-0.303594
-0.820102	1.35662	0.0559488
-2.32556	2.73351	0.516401
0.416487	-1.92042	-0.547824
-1.98533	-0.834542	0.521848
-2.41397	0.466759	-0.434267
-0.914449	0.436707	0.776278
-0.230278	-2.85668	-0.692359
-2.18327	1.426	-0.862117
2.25461	-0.162622	0.523871
0.554278	0.820627	0.516147
1.98573	0.400924	-0.152581
-0.837474	-0.479241	-1.07868
1.19749	-1.81174	2.25614
-1.56292	1.60729	0.195557
1.60669	-0.662327	-0.255125
1.07622	2.72287	0.764861
-0.113852	-0.401131	-0.875347
-1.94723	-0.998103	-0.0743208
-1.52363	2.68561	-1.37022
-0.49602	-1.83624	0.565327
-1.08307	-0.186985	0.851338
-2.41383	0.679904	1.52198
0.883772	1.14982	0.287583
1.28589	-1.64283	1.53274
2.89853	2.44569	2.08781
2.81181	-0.873798	-0.32097
0.854329	2.21789	-1.67132
0.226545	-0.729422	0.418971
-0.243168	-1.1073	-0.0296697
0.76399	2.25416	0.101099
2.97345	1.8627	-0.157179
0.0200981	2.64924	-1.57712
0.507824	-0.102841	-0.562108
1.40671	2.93978	-1.46122
2.41128	2.59046	-1.13017
-2.50234	1.81755	-0.884648
1.93966	0.55424	-0.312261
-1.32715	-0.775307	0.837656
1.34657	0.241139	-0.826361
1.38849	2.42101	2.16651
2.55127	-2.80078	0.726326
-1.51127	-2.46959	-1.96461
-1.3772	-1.6964	-1.72491
1.63063	-1.62315	-0.196136
2.05773	0.175013	-0.714952
-1.89272	2.98447	-0.631884
2.10617	2.81724	0.980082
-1.59826	-0.683298	0.468865
-0.355298	2.44041	-0.261434
-2.94865	-3.02456	0.705898
-0.0495741	0.0989848	0.920859
1.966	2.00742	1.07978
2.19903	0.877115	-0.386421
1.47392	-1.1568	1.59459
1.34547	-2.97848	1.62669
0.918977	-1.2629	-1.58491
1.76482	-1.03297	-0.781486
2.7673	1.68407	1.53238
-0.300684	-0.538055	-0.605817
0.762785	-1.33807	-0.234464
1.29076	1.01584	-0.815675
-2.06295	-1.91579	-0.121917
-3.01009	-0.0566659	-0.610707
2.61238	-0.696497	0.258751
-2.11742	1.95034	0.615308
0.165701	0.654585	0.366716
1.30584	-0.856603	0.350714
0.755284	-1.14719	0.0173281
1.23912	-1.99282	-0.683926
1.28938	1.05054	2.05917
1.27037	2.47191	0.271056
-1.5505	-1.47987	0.480748
1.34135	-0.916938	-0.318845
-2.49857	0.299417	0.95574
-0.258391	-0.482678	0.146006
-0.827206	-1.03612	-1.41727
-2.86034	0.993381	0.108037
1.96634	2.11909	-0.342784
1.32414	-1.66177	0.419677
0.606406	-2.98597	-0.5029
2.09807	2.08683	-0.22517
-0.779084	0.0531264	-0.696087
-2.25871	2.65877	0.184828
3.02647	-0.506365	1.69766
1.48085	-2.35579	-0.0304544
2.17073	-1.05422	0.922929
1.18889	-0.892885	0.0803664
-2.12229	-2.07922	-0.531267
-1.47272	-0.949843	-0.344923
-3.09554	-2.06813	2.2821
2.91082	-0.525556	0.863999
1.93891	-0.645509	1.32981
-0.472616	1.16108	-0.0339568
2.50572	0.398161	0.620287
-3.07641	-0.283431	-0.583938
2.50794	-0.804175	0.572059
-2.70286	1.61682	-0.201246
2.68808	0.437894	1.80457
-2.34456	-2.62839	0.00927101
-0.735459	-2.97606	0.0135511
1.96182	2.47358	-0.374005
-1.32398	1.88663	0.591086
2.29936	-1.87386	0.0563872
2.93578	-1.02746	0.288106
0.38012	2.91554	-0.22969
-0.564015	2.72204	-1.88707
1.50809	2.32744	-0.494782
2.64807	1.24714	-0.253647
1.54525	0.0853367	0.511398
3.03859	3.04134	1.62944
-0.540881	3.0937	1.02945
0.211434	2.03833	-0.0496963
-1.6266	-0.545478	0.324798
0.867837	2.34715	-0.162372
-2.62754	2.16366	-0.502259
2.45229	1.94981	0.351141
0.378675	-0.296082	0.228543
-1.97121	-2.95107	-0.83842
-2.33111	-3.13818	0.720151
-1.5392	-2.24552	-0.507728
0.762864	-0.726484	-1.56613
-0.510808	0.11971	-0.222648
2.00169	2.57005	-0.236804
0.525038	2.91132	1.05935
-2.80657	2.9925	1.21824
-2.41909	-2.96454	0.0771885
-2.78069	-1.13798	-0.637683
-1.22335	-2.67452	-0.270733
-1.49617	-0.723695	0.838984
2.73619	-0.143938	-0.67195
0.553341	-1.43187	-1.99274
-1.7657	-0.473562	0.978621
0.225922	-0.97949	0.0777215
-2.05482	2.77901	1.39785
-1.79423	1.2323	0.846128
-2.00933	1.38611	-0.216526
-3.06297	-1.83228	-0.83748
-0.871311	0.192222	-0.474221
-2.98079	2.43565	-0.668904
-0.602854	2.12534	0.243697
1.57429	2.90499	0.843662
3.04742	2.58708	-0.438901
1.58023	2.14923	1.73655
0.706557	-2.61716	1.1835
-1.98612	-1.40806	0.412941
-1.48685	-2.98863	-0.0848472
1.45625	-0.672427	0.170334
0.961819	-1.70437	-1.28201
0.631254	-0.481113	0.00684846
-1.9292	0.222122	-0.62058
-0.793291	-0.805552	0.620794
-2.40629	-1.5533	0.231772
1.85555	1.5117	0.0417241
1.57362	-2.58915	0.157919
-1.05041	-0.283561	0.757097
-0.792272	0.756725	-0.176643
-2.50679	-2.44481	-0.229254
-0.558415	-0.342504	1.16091
-1.06372	2.09252	0.72492
-2.39044	0.972984	-0.158169
-1.81519	3.0892	-1.83311
0.68074	1.85179	-0.229803
-1.75453	2.13738	-0.803663
-3.05156	1.3102	-0.0824491
1.29647	-2.32766	0.88915
-2.58025	-0.0106452	0.711077
2.15709	-3.05017	-0.34905
-2.66948	0.313859	0.639497
-1.28288	2.46901	-0.702088
-2.53525	-1.0813	0.472765
-2.49857	-0.187707	1.69663
2.14554	0.0250665	1.70674
1.27879	-0.208667	1.5559
-1.95292	-2.44683	-0.213206
0.336567	-1.80246	-0.763444
-2.4397	-1.48291	-0.344028
-0.811909	3.01383	-0.613685
-0.563603	2.08181	-0.68767
0.318021	2.62827	0.216001
2.11517	2.58981	0.200753
-1.87119	-1.67786	-0.348718
-2.24822	1.00865	0.84777
-1.56365	1.59789	0.761511
-0.860613	-0.380396	0.330343
0.331803	-1.8993	-0.475236
2.77922	-1.71818	-0.446945
2.96873	1.82784	0.964405
0.869117	-0.354609	0.790279
-0.824098	-2.04971	0.924838
1.4732	1.42764	0.636975
2.86008	-1.02202	0.604865
0.79979	-1.15087	0.196096
-2.67266	0.920978	2.1363
2.58238	2.46807	-0.727467
-1.93716	-0.143747	0.644171
1.96237	-0.85663	0.720455
2.06854	-0.353224	0.0935645
-0.427131	-2.65329	0.0820028
1.44966	-1.4039	0.615613
-2.08318	2.12803	0.167101
3.04043	0.146915	0.452242
1.83261	-2.52912	1.75773
3.0484	-2.33516	0.997877
-2.52393	-0.126115	0.684052
2.51762	2.84803	-0.435542
-2.1667	-0.298477	0.53138
-0.541367	-2.71105	-0.885549
0.683165	1.25703	0.370381
-0.605551	1.25897	-0.481153
3.0129	0.633593	0.258357
-1.33437	-1.02336	0.142437
1.9387	-2.56429	-0.540339
1.67648	0.758524	1.59798
2.60737	-2.39715	-0.121195
-2.65142	0.317592	-1.02681
-2.86707	-0.629566	-1.46919
-0.717836	-0.334615	-1.78464
-0.38684	-2.7918	0.368106
-2.30346	0.409414	0.685067
2.43397	1.24563	-0.0826971
0.975009	-0.854551	-0.873261
-1.48575	-2.2484	1.51648
2.2916	0.118383	-0.27678
0.430898	1.50949	-0.461575
2.75348	0.651283	-0.202668
-0.472239	2.12191	-0.677963
-0.327461	2.73278	-0.367886
-0.61051	0.747262	0.074778
-1.45025	-2.9095	2.22712
-1.21775	2.76922	1.36289
0.810892	-2.63199	0.377855
1.81058	-0.906129	0.156504
-0.899071	0.627812	-0.673862
0.593704	1.11622	0.668039
2.97509	0.0659279	-0.126839
2.41292	-0.636778	0.152886
0.832751	-2.46611	-1.5472
-0.765943	-0.265679	-1.11436
-1.72179	0.56035	0.929069
-2.60906	-3.02356	0.91816
0.938873	2.48138	-0.439501
2.75708	-3.0436	-1.54201
1.63656	0.03054	-0.969962
-2.68588	-1.31918	1.30641
-2.71594	-2.26618	-1.17463
3.13611	3.09125	-1.13573
0.0948589	-1.38377	0.637516
-1.35951	-2.37663	-0.12335
2.28925	-0.347872	-0.0638193
0.608269	1.14399	-0.261269
2.13168	-0.330905	-0.0397401
0.561844	0.562215	-0.27548
-2.86287	2.98623	-0.252142
-2.75863	-1.09145	-0.909594
0.126424	1.90559	0.633806
1.42351	0.657967	-0.440083
-0.211829	0.528618	0.242593
-0.811969	-1.42781	-0.803375
1.53618	0.00604809	-0.451764
-2.39797	-1.49057	-0.518466
2.46909	2.44928	0.0749982
2.60716	-2.27132	1.54812
